0, -146.0, -4.0, 47.0, 67.0
1, -25.0, 6.0, 92.0, 69.0
2, -104.0, 9.0, 56.0, 62.0
3, -142.0, -4.0, 61.0, 56.0
4, 68.0, 9.0, 76.0, 72.0
5, 124.0, 9.0, 64.0, 66.0
6, -161.0, -16.0, 78.0, 55.0
7, 200.0, 13.0, 70.0, 72.0
8, -127.0, 2.0, 54.0, 73.0
9, -94.0, 4.0, 89.0, 65.0
10, -53.0, 25.0, 79.0, 77.0
11, 156.0, 28.0, 74.0, 45.0
12, -78.0, 3.0, 56.0, 68.0
13, -191.0, 15.0, 74.0, 77.0
14, 9.0, 4.0, 62.0, 57.0
15, 0.0, 1.0, 52.0, 65.0
16, -34.0, 11.0, 92.0, 74.0
17, -179.0, -4.0, 68.0, 61.0
18, -308.0, -1.0, 54.0, 68.0
19, 45.0, 13.0, 66.0, 50.0
20, -21.0, 5.0, 66.0, 63.0
21, 50.0, 6.0, 81.0, 75.0
22, -128.0, 1.0, 73.0, 77.0
23, 83.0, -9.0, 77.0, 68.0
24, -88.0, 0.0, 71.0, 63.0
25, 121.0, -4.0, 82.0, 66.0
26, -25.0, -11.0, 83.0, 92.0
27, -138.0, 1.0, 66.0, 75.0
28, -96.0, 0.0, 55.0, 62.0
29, -266.0, 10.0, 75.0, 82.0
30, 70.0, 19.0, 90.0, 74.0
31, 103.0, 17.0, 64.0, 64.0
32, 48.0, 17.0, 50.0, 42.0
33, 17.0, -3.0, 70.0, 66.0
34, 82.0, 16.0, 74.0, 82.0
35, -113.0, 28.0, 75.0, 62.0
36, -74.0, 8.0, 70.0, 80.0
37, 109.0, 12.0, 62.0, 78.0
38, 25.0, 8.0, 76.0, 65.0
39, -140.0, 12.0, 73.0, 82.0
40, -10.0, 14.0, 73.0, 71.0
41, 69.0, 1.0, 68.0, 73.0
42, 70.0, -2.0, 76.0, 57.0
43, -56.0, 8.0, 80.0, 66.0
44, -70.0, 4.0, 68.0, 80.0
45, -81.0, -11.0, 63.0, 67.0
46, -115.0, 6.0, 61.0, 65.0
47, 129.0, 4.0, 70.0, 69.0
48, 177.0, 9.0, 63.0, 69.0
49, -36.0, 7.0, 65.0, 74.0
50, -72.0, 8.0, 80.0, 62.0
51, 30.0, -5.0, 79.0, 48.0
52, 172.0, 5.0, 84.0, 63.0
53, -34.0, 2.0, 72.0, 70.0
54, -116.0, 6.0, 46.0, 71.0
55, 86.0, 0.0, 50.0, 73.0
56, 235.0, 1.0, 58.0, 63.0
57, 91.0, -6.0, 52.0, 86.0
58, -287.0, 10.0, 51.0, 68.0
59, 72.0, 13.0, 59.0, 78.0
60, -40.0, -19.0, 83.0, 59.0
61, -181.0, 2.0, 58.0, 72.0
62, -31.0, -21.0, 85.0, 73.0
63, 301.0, 6.0, 75.0, 71.0
64, -116.0, 6.0, 60.0, 67.0
65, -3.0, 20.0, 57.0, 78.0
66, -131.0, -1.0, 86.0, 75.0
67, -125.0, 3.0, 65.0, 53.0
68, -192.0, 21.0, 68.0, 68.0
69, 131.0, -14.0, 52.0, 51.0
70, -92.0, 14.0, 63.0, 68.0
71, 246.0, 5.0, 79.0, 67.0
72, 3.0, 17.0, 75.0, 80.0
73, -31.0, -3.0, 56.0, 86.0
74, 13.0, 10.0, 57.0, 71.0
75, 13.0, -5.0, 58.0, 93.0
76, -185.0, 30.0, 75.0, 60.0
77, -7.0, 3.0, 59.0, 72.0
78, -196.0, 0.0, 56.0, 91.0
79, -178.0, 0.0, 58.0, 60.0
80, 9.0, 30.0, 69.0, 76.0
81, -29.0, -1.0, 72.0, 67.0
82, 177.0, 7.0, 83.0, 82.0
83, -38.0, -14.0, 66.0, 79.0
84, -160.0, 11.0, 76.0, 69.0
85, -56.0, 7.0, 53.0, 71.0
86, 107.0, -19.0, 69.0, 53.0
87, -26.0, 16.0, 49.0, 92.0
88, -95.0, -8.0, 63.0, 65.0
89, -179.0, 0.0, 73.0, 70.0
90, -14.0, 10.0, 54.0, 62.0
91, 52.0, 8.0, 55.0, 60.0
92, -105.0, 12.0, 67.0, 66.0
93, -42.0, 14.0, 58.0, 53.0
94, -50.0, 3.0, 78.0, 78.0
95, -41.0, 1.0, 67.0, 68.0
96, -4.0, 0.0, 59.0, 69.0
97, 179.0, -8.0, 80.0, 61.0
98, -97.0, 2.0, 74.0, 81.0
99, -169.0, 10.0, 84.0, 84.0
100, -69.0, 7.0, 70.0, 65.0
101, -11.0, -7.0, 57.0, 73.0
102, 57.0, -1.0, 61.0, 85.0
103, 91.0, 13.0, 84.0, 56.0
104, -26.0, 9.0, 94.0, 59.0
105, 112.0, -5.0, 63.0, 78.0
106, 64.0, 15.0, 67.0, 79.0
107, 172.0, 23.0, 72.0, 76.0
108, 33.0, 7.0, 69.0, 89.0
109, 10.0, 20.0, 61.0, 69.0
110, -101.0, 7.0, 65.0, 77.0
111, -64.0, 15.0, 75.0, 77.0
112, 238.0, 12.0, 65.0, 76.0
113, 280.0, 21.0, 72.0, 73.0
114, 232.0, -5.0, 56.0, 85.0
115, -21.0, 9.0, 69.0, 82.0
116, -125.0, 6.0, 83.0, 69.0
117, -73.0, 4.0, 63.0, 79.0
118, 17.0, 8.0, 73.0, 74.0
119, 252.0, 0.0, 61.0, 57.0
120, 62.0, 10.0, 68.0, 70.0
121, -7.0, -2.0, 65.0, 76.0
122, -71.0, 2.0, 71.0, 93.0
123, 219.0, 2.0, 61.0, 72.0
124, 7.0, 12.0, 67.0, 62.0
125, 58.0, 22.0, 52.0, 73.0
126, 23.0, -5.0, 68.0, 64.0
127, 146.0, 22.0, 66.0, 79.0
128, 26.0, 5.0, 77.0, 75.0
129, -87.0, -3.0, 61.0, 67.0
130, -100.0, -19.0, 77.0, 73.0
131, 136.0, -7.0, 72.0, 73.0
132, -21.0, -2.0, 42.0, 76.0
133, 121.0, -9.0, 61.0, 76.0
134, 9.0, -13.0, 66.0, 78.0
135, 31.0, -1.0, 79.0, 49.0
136, 50.0, 3.0, 81.0, 62.0
137, 49.0, -1.0, 76.0, 59.0
138, -7.0, 15.0, 84.0, 78.0
139, 101.0, -20.0, 40.0, 61.0
140, -129.0, 11.0, 46.0, 83.0
141, -33.0, 13.0, 63.0, 70.0
142, 50.0, 15.0, 80.0, 90.0
143, -133.0, 0.0, 77.0, 68.0
144, -52.0, 6.0, 66.0, 68.0
145, -34.0, -10.0, 67.0, 90.0
146, 97.0, 0.0, 66.0, 69.0
147, 3.0, 15.0, 63.0, 100.0
148, -77.0, 0.0, 73.0, 91.0
149, 41.0, 7.0, 76.0, 77.0
150, -206.0, 1.0, 44.0, 70.0
151, 210.0, -2.0, 65.0, 70.0
152, -74.0, -2.0, 75.0, 59.0
153, 173.0, -6.0, 65.0, 87.0
154, 18.0, 21.0, 60.0, 51.0
155, -54.0, 1.0, 80.0, 84.0
156, -1.0, 20.0, 61.0, 80.0
157, 17.0, 29.0, 53.0, 79.0
158, 114.0, 0.0, 73.0, 73.0
159, 110.0, 11.0, 64.0, 79.0
160, 25.0, -1.0, 72.0, 32.0
161, -29.0, -2.0, 64.0, 79.0
162, -90.0, 7.0, 55.0, 67.0
163, 77.0, -2.0, 72.0, 75.0
164, -15.0, 3.0, 80.0, 70.0
165, -31.0, 7.0, 71.0, 70.0
166, -117.0, 5.0, 69.0, 81.0
167, 69.0, -6.0, 77.0, 62.0
168, -145.0, 5.0, 75.0, 73.0
169, 173.0, 11.0, 59.0, 62.0
170, -56.0, 3.0, 73.0, 72.0
171, 91.0, 3.0, 26.0, 86.0
172, -70.0, 21.0, 73.0, 59.0
173, 0.0, 10.0, 66.0, 77.0
174, -47.0, 13.0, 70.0, 77.0
175, 178.0, -14.0, 73.0, 76.0
176, -136.0, -4.0, 62.0, 54.0
177, -119.0, 22.0, 47.0, 82.0
178, -170.0, 10.0, 49.0, 56.0
179, 2.0, 18.0, 76.0, 78.0
180, -115.0, -14.0, 66.0, 62.0
181, 223.0, 4.0, 53.0, 67.0
182, 140.0, 7.0, 60.0, 89.0
183, -44.0, -1.0, 67.0, 71.0
184, -2.0, 11.0, 79.0, 72.0
185, 52.0, -2.0, 82.0, 70.0
186, -6.0, 16.0, 69.0, 66.0
187, 17.0, -2.0, 80.0, 84.0
188, -33.0, 13.0, 61.0, 101.0
189, 106.0, -18.0, 60.0, 82.0
190, -148.0, 3.0, 61.0, 93.0
191, -155.0, 18.0, 54.0, 55.0
192, 2.0, 17.0, 65.0, 69.0
193, 157.0, 18.0, 44.0, 71.0
194, -82.0, 22.0, 73.0, 68.0
195, 172.0, 19.0, 80.0, 67.0
196, 52.0, -14.0, 65.0, 65.0
197, 72.0, -4.0, 56.0, 52.0
198, -161.0, -11.0, 97.0, 74.0
199, -151.0, 8.0, 76.0, 41.0
200, -65.0, -16.0, 77.0, 62.0
201, 7.0, -7.0, 68.0, 61.0
202, -167.0, -4.0, 74.0, 52.0
203, -197.0, 22.0, 83.0, 48.0
204, 199.0, 0.0, 84.0, 83.0
205, 44.0, 16.0, 79.0, 53.0
206, -119.0, -1.0, 57.0, 55.0
207, -311.0, -10.0, 70.0, 73.0
208, 97.0, -17.0, 77.0, 106.0
209, 1.0, -9.0, 68.0, 79.0
210, 8.0, -16.0, 85.0, 64.0
211, -34.0, 3.0, 76.0, 46.0
212, 103.0, 7.0, 58.0, 98.0
213, -179.0, 5.0, 61.0, 88.0
214, 23.0, -7.0, 57.0, 59.0
215, -93.0, -18.0, 67.0, 76.0
216, -227.0, -9.0, 77.0, 72.0
217, -161.0, -1.0, 55.0, 67.0
218, 122.0, -2.0, 80.0, 66.0
219, 54.0, 11.0, 67.0, 83.0
220, 11.0, 4.0, 78.0, 67.0
221, 82.0, 2.0, 67.0, 72.0
222, -29.0, 1.0, 55.0, 50.0
223, 174.0, -19.0, 74.0, 63.0
224, -62.0, 1.0, 61.0, 77.0
225, -162.0, -5.0, 49.0, 85.0
226, -100.0, 24.0, 54.0, 68.0
227, -87.0, -2.0, 66.0, 57.0
228, 20.0, 12.0, 64.0, 77.0
229, -143.0, 16.0, 70.0, 80.0
230, -197.0, 24.0, 62.0, 78.0
231, 163.0, 3.0, 76.0, 67.0
232, 125.0, -7.0, 66.0, 69.0
233, -230.0, 18.0, 61.0, 76.0
234, -79.0, 12.0, 85.0, 96.0
235, 140.0, -1.0, 56.0, 57.0
236, -89.0, 11.0, 81.0, 92.0
237, 118.0, 7.0, 71.0, 84.0
238, 180.0, -4.0, 64.0, 65.0
239, 45.0, 5.0, 62.0, 60.0
240, 100.0, -1.0, 54.0, 70.0
241, 31.0, 10.0, 79.0, 64.0
242, 120.0, 17.0, 66.0, 82.0
243, 15.0, -3.0, 49.0, 60.0
244, -46.0, 7.0, 92.0, 71.0
245, -1.0, 21.0, 79.0, 65.0
246, -135.0, -4.0, 80.0, 74.0
247, -45.0, -22.0, 66.0, 78.0
248, -159.0, -12.0, 73.0, 65.0
249, -14.0, -2.0, 66.0, 71.0
250, 22.0, 10.0, 73.0, 62.0
251, 112.0, -14.0, 51.0, 74.0
252, 88.0, 23.0, 52.0, 67.0
253, 5.0, 14.0, 64.0, 68.0
254, -252.0, 8.0, 74.0, 73.0
255, -75.0, 7.0, 54.0, 61.0
0, 8.0, 10.0, 71.0, 60.0
1, 55.0, -7.0, 95.0, 75.0
2, 136.0, -9.0, 87.0, 76.0
3, -98.0, -6.0, 70.0, 73.0
4, 70.0, 11.0, 47.0, 75.0
5, 213.0, 4.0, 66.0, 71.0
6, -102.0, 14.0, 66.0, 90.0
7, 73.0, 12.0, 72.0, 75.0
8, -77.0, -3.0, 79.0, 65.0
9, -3.0, -13.0, 61.0, 77.0
10, -96.0, 20.0, 61.0, 90.0
11, 117.0, 2.0, 73.0, 84.0
12, -90.0, -5.0, 79.0, 70.0
13, -30.0, 0.0, 76.0, 75.0
14, 295.0, 17.0, 54.0, 100.0
15, 6.0, 4.0, 59.0, 76.0
16, -89.0, 10.0, 69.0, 61.0
17, 51.0, 12.0, 71.0, 69.0
18, 176.0, -7.0, 82.0, 63.0
19, 224.0, 15.0, 81.0, 63.0
20, -4.0, 25.0, 80.0, 62.0
21, 5.0, -12.0, 67.0, 78.0
22, -15.0, 4.0, 54.0, 58.0
23, -59.0, -16.0, 61.0, 70.0
24, 8.0, -4.0, 67.0, 72.0
25, 68.0, 0.0, 81.0, 60.0
26, -316.0, 2.0, 72.0, 73.0
27, 87.0, 5.0, 76.0, 78.0
28, -157.0, 14.0, 63.0, 77.0
29, -179.0, 17.0, 62.0, 69.0
30, -102.0, -3.0, 57.0, 63.0
31, 24.0, 0.0, 81.0, 72.0
32, -209.0, 1.0, 70.0, 81.0
33, -37.0, 24.0, 58.0, 79.0
34, 46.0, -12.0, 55.0, 72.0
35, 11.0, -6.0, 73.0, 53.0
36, 13.0, 4.0, 58.0, 58.0
37, 50.0, 0.0, 70.0, 43.0
38, 68.0, 13.0, 91.0, 60.0
39, 145.0, -11.0, 69.0, 88.0
40, 121.0, 0.0, 44.0, 74.0
41, -92.0, 8.0, 70.0, 91.0
42, 63.0, 20.0, 52.0, 60.0
43, 68.0, -4.0, 79.0, 67.0
44, -32.0, 3.0, 68.0, 77.0
45, -85.0, 1.0, 74.0, 67.0
46, 48.0, 0.0, 71.0, 62.0
47, -69.0, -1.0, 45.0, 69.0
48, -151.0, -9.0, 73.0, 72.0
49, 9.0, 18.0, 44.0, 75.0
50, -22.0, -6.0, 57.0, 75.0
51, -248.0, 3.0, 54.0, 86.0
52, 4.0, 6.0, 70.0, 72.0
53, -153.0, 11.0, 68.0, 70.0
54, -21.0, -5.0, 48.0, 52.0
55, -197.0, 3.0, 74.0, 64.0
56, -29.0, -9.0, 67.0, 62.0
57, 91.0, 14.0, 83.0, 77.0
58, 106.0, -25.0, 46.0, 62.0
59, -48.0, -8.0, 80.0, 105.0
60, 140.0, -9.0, 59.0, 66.0
61, -54.0, 11.0, 75.0, 63.0
62, -141.0, -1.0, 45.0, 93.0
63, 156.0, 20.0, 67.0, 59.0
64, -144.0, -3.0, 82.0, 74.0
65, 0.0, -2.0, 70.0, 87.0
66, -31.0, -16.0, 82.0, 92.0
67, 102.0, 13.0, 75.0, 76.0
68, -68.0, 2.0, 54.0, 73.0
69, -13.0, 18.0, 71.0, 71.0
70, 84.0, 18.0, 57.0, 65.0
71, -82.0, -3.0, 74.0, 59.0
72, 13.0, 0.0, 65.0, 69.0
73, 82.0, -2.0, 75.0, 79.0
74, 215.0, -2.0, 76.0, 55.0
75, -79.0, 18.0, 78.0, 68.0
76, -129.0, 16.0, 79.0, 83.0
77, 79.0, -2.0, 61.0, 76.0
78, 0.0, 4.0, 76.0, 87.0
79, 205.0, 17.0, 64.0, 62.0
80, 52.0, 0.0, 46.0, 80.0
81, -116.0, -9.0, 72.0, 71.0
82, -21.0, 10.0, 70.0, 62.0
83, 29.0, 0.0, 69.0, 83.0
84, -222.0, 3.0, 64.0, 70.0
85, -57.0, 21.0, 47.0, 67.0
86, 208.0, 26.0, 64.0, 65.0
87, 61.0, 6.0, 66.0, 78.0
88, -251.0, -12.0, 64.0, 78.0
89, -65.0, 3.0, 56.0, 72.0
90, 38.0, 0.0, 64.0, 62.0
91, 191.0, 2.0, 84.0, 89.0
92, 5.0, 7.0, 63.0, 69.0
93, -66.0, 14.0, 66.0, 91.0
94, -42.0, 12.0, 57.0, 85.0
95, 0.0, 14.0, 71.0, 79.0
96, 219.0, 12.0, 80.0, 59.0
97, -159.0, -1.0, 53.0, 69.0
98, 180.0, 22.0, 64.0, 66.0
99, -198.0, 10.0, 58.0, 74.0
100, 59.0, -3.0, 83.0, 73.0
101, -133.0, 14.0, 75.0, 66.0
102, -26.0, 9.0, 84.0, 60.0
103, -133.0, 11.0, 80.0, 72.0
104, -201.0, 4.0, 61.0, 66.0
105, -92.0, 11.0, 71.0, 86.0
106, -66.0, 7.0, 74.0, 69.0
107, 55.0, 0.0, 57.0, 58.0
108, -6.0, 0.0, 82.0, 79.0
109, 97.0, -21.0, 75.0, 89.0
110, -105.0, 5.0, 69.0, 54.0
111, -129.0, -6.0, 56.0, 94.0
112, 67.0, -8.0, 54.0, 72.0
113, 163.0, 5.0, 49.0, 79.0
114, 104.0, -8.0, 93.0, 65.0
115, -40.0, 8.0, 35.0, 78.0
116, -190.0, 0.0, 53.0, 68.0
117, 141.0, 15.0, 44.0, 89.0
118, 37.0, -1.0, 58.0, 72.0
119, -50.0, -4.0, 70.0, 53.0
120, -116.0, 1.0, 68.0, 66.0
121, -117.0, 8.0, 68.0, 81.0
122, -193.0, -3.0, 63.0, 55.0
123, 95.0, 1.0, 63.0, 55.0
124, 77.0, 10.0, 68.0, 82.0
125, 11.0, 2.0, 72.0, 91.0
126, -6.0, -16.0, 85.0, 57.0
127, 165.0, 1.0, 71.0, 68.0
128, -4.0, 0.0, 75.0, 68.0
129, -24.0, 21.0, 75.0, 73.0
130, 59.0, 4.0, 70.0, 91.0
131, 95.0, 4.0, 73.0, 65.0
132, -90.0, 11.0, 79.0, 62.0
133, -74.0, 21.0, 71.0, 95.0
134, 17.0, -4.0, 71.0, 67.0
135, 20.0, -11.0, 68.0, 66.0
136, 75.0, 9.0, 58.0, 78.0
137, 177.0, -8.0, 87.0, 63.0
138, -44.0, 5.0, 71.0, 59.0
139, 52.0, 8.0, 68.0, 75.0
140, 188.0, 15.0, 66.0, 82.0
141, 191.0, 7.0, 67.0, 74.0
142, 18.0, 3.0, 78.0, 90.0
143, -206.0, -12.0, 58.0, 69.0
144, 58.0, -2.0, 70.0, 93.0
145, 65.0, 0.0, 70.0, 80.0
146, 88.0, 2.0, 67.0, 64.0
147, -81.0, 29.0, 78.0, 68.0
148, 266.0, 11.0, 74.0, 66.0
149, 15.0, 9.0, 65.0, 62.0
150, 55.0, 2.0, 56.0, 75.0
151, 58.0, 11.0, 71.0, 75.0
152, 73.0, 0.0, 85.0, 61.0
153, -143.0, 6.0, 67.0, 87.0
154, -133.0, 10.0, 75.0, 58.0
155, 126.0, -1.0, 68.0, 57.0
156, 229.0, -1.0, 60.0, 65.0
157, 28.0, 8.0, 71.0, 71.0
158, -156.0, 22.0, 81.0, 51.0
159, 103.0, 16.0, 68.0, 89.0
160, 29.0, 6.0, 75.0, 97.0
161, -15.0, 34.0, 65.0, 55.0
162, -151.0, -10.0, 73.0, 68.0
163, 158.0, 0.0, 59.0, 69.0
164, -29.0, -9.0, 61.0, 84.0
165, 49.0, 16.0, 83.0, 55.0
166, -124.0, 24.0, 85.0, 59.0
167, 28.0, -4.0, 63.0, 73.0
168, 5.0, 5.0, 71.0, 87.0
169, -34.0, 1.0, 68.0, 69.0
170, 23.0, -10.0, 66.0, 71.0
171, 209.0, 11.0, 67.0, 68.0
172, 146.0, 5.0, 93.0, 90.0
173, 5.0, 4.0, 73.0, 68.0
174, -146.0, 19.0, 81.0, 78.0
175, -42.0, 0.0, 69.0, 60.0
176, -19.0, 5.0, 59.0, 73.0
177, -70.0, 16.0, 57.0, 73.0
178, 65.0, -10.0, 67.0, 62.0
179, 19.0, 14.0, 47.0, 62.0
180, 185.0, 15.0, 72.0, 74.0
181, 79.0, -3.0, 59.0, 76.0
182, 12.0, 7.0, 63.0, 85.0
183, -22.0, 7.0, 65.0, 71.0
184, 9.0, 13.0, 54.0, 74.0
185, -228.0, -5.0, 61.0, 47.0
186, 116.0, -12.0, 76.0, 64.0
187, -2.0, -2.0, 52.0, 73.0
188, 78.0, -26.0, 67.0, 71.0
189, 44.0, 18.0, 65.0, 93.0
190, 90.0, 22.0, 65.0, 66.0
191, 65.0, 15.0, 45.0, 68.0
192, -95.0, -4.0, 66.0, 68.0
193, 101.0, 3.0, 75.0, 77.0
194, 105.0, 14.0, 80.0, 67.0
195, 7.0, -2.0, 76.0, 91.0
196, -37.0, 20.0, 76.0, 71.0
197, 122.0, 1.0, 60.0, 76.0
198, 137.0, 0.0, 77.0, 66.0
199, -199.0, 8.0, 60.0, 75.0
200, 23.0, 14.0, 67.0, 78.0
201, -17.0, 19.0, 89.0, 67.0
202, 64.0, 0.0, 58.0, 64.0
203, -176.0, -1.0, 64.0, 54.0
204, 11.0, 15.0, 65.0, 77.0
205, -189.0, 13.0, 80.0, 53.0
206, -87.0, -4.0, 76.0, 71.0
207, 51.0, 7.0, 59.0, 74.0
208, 54.0, -4.0, 66.0, 63.0
209, 34.0, -1.0, 76.0, 50.0
210, -32.0, 14.0, 67.0, 88.0
211, -208.0, -10.0, 75.0, 45.0
212, -100.0, 2.0, 61.0, 64.0
213, 153.0, 11.0, 87.0, 50.0
214, 82.0, 0.0, 67.0, 88.0
215, -111.0, -1.0, 67.0, 75.0
216, -145.0, 0.0, 78.0, 80.0
217, -81.0, -15.0, 64.0, 70.0
218, 21.0, 14.0, 88.0, 77.0
219, -137.0, -2.0, 55.0, 84.0
220, -49.0, 25.0, 87.0, 62.0
221, 155.0, 10.0, 63.0, 72.0
222, -120.0, 0.0, 74.0, 81.0
223, -119.0, 7.0, 58.0, 74.0
224, -62.0, 15.0, 84.0, 78.0
225, -73.0, -4.0, 64.0, 65.0
226, -21.0, 7.0, 80.0, 77.0
227, 227.0, 21.0, 56.0, 66.0
228, 0.0, 0.0, 49.0, 72.0
229, -11.0, 9.0, 67.0, 69.0
230, -288.0, 11.0, 54.0, 96.0
231, -105.0, 0.0, 74.0, 81.0
232, 41.0, 4.0, 61.0, 92.0
233, 76.0, 12.0, 73.0, 86.0
234, 139.0, 10.0, 45.0, 96.0
235, 165.0, -4.0, 64.0, 62.0
236, 77.0, 11.0, 77.0, 54.0
237, 92.0, 29.0, 63.0, 73.0
238, 132.0, 3.0, 76.0, 70.0
239, -1.0, 0.0, 68.0, 70.0
240, 157.0, -15.0, 55.0, 64.0
241, 211.0, 21.0, 71.0, 52.0
242, -130.0, 0.0, 66.0, 92.0
243, -3.0, -2.0, 62.0, 72.0
244, 82.0, 18.0, 82.0, 80.0
245, 2.0, 9.0, 83.0, 70.0
246, 99.0, -9.0, 81.0, 71.0
247, -88.0, 16.0, 84.0, 91.0
248, -52.0, -6.0, 62.0, 77.0
249, -122.0, 17.0, 72.0, 69.0
250, 158.0, 4.0, 61.0, 67.0
251, 22.0, -9.0, 72.0, 93.0
252, -118.0, 18.0, 75.0, 92.0
253, -137.0, 0.0, 63.0, 82.0
254, -39.0, 6.0, 69.0, 71.0
255, -111.0, 0.0, 68.0, 68.0
0, -133.0, -7.0, 75.0, 83.0
1, -55.0, 8.0, 73.0, 67.0
2, -71.0, 0.0, 63.0, 87.0
3, 67.0, 0.0, 65.0, 99.0
4, 31.0, 10.0, 69.0, 73.0
5, -134.0, 5.0, 47.0, 75.0
6, 22.0, 15.0, 54.0, 68.0
7, -119.0, -12.0, 74.0, 70.0
8, -31.0, 5.0, 71.0, 74.0
9, -248.0, 14.0, 59.0, 70.0
10, -103.0, 16.0, 79.0, 98.0
11, 17.0, 12.0, 80.0, 73.0
12, 66.0, -6.0, 80.0, 61.0
13, 43.0, 5.0, 85.0, 78.0
14, 35.0, 0.0, 62.0, 64.0
15, -46.0, 32.0, 70.0, 83.0
16, 25.0, -13.0, 54.0, 71.0
17, -184.0, 1.0, 63.0, 59.0
18, -4.0, -18.0, 75.0, 82.0
19, -63.0, 12.0, 62.0, 83.0
20, 35.0, 9.0, 65.0, 79.0
21, -79.0, 13.0, 57.0, 68.0
22, -28.0, -3.0, 58.0, 79.0
23, -132.0, 10.0, 59.0, 76.0
24, -10.0, 13.0, 58.0, 73.0
25, -12.0, 5.0, 65.0, 74.0
26, 49.0, -16.0, 81.0, 83.0
27, -81.0, 5.0, 77.0, 64.0
28, 2.0, -7.0, 83.0, 56.0
29, -10.0, -8.0, 70.0, 67.0
30, 83.0, 16.0, 77.0, 79.0
31, -35.0, -2.0, 65.0, 66.0
32, -172.0, 3.0, 64.0, 69.0
33, 114.0, 7.0, 85.0, 75.0
34, 93.0, -12.0, 65.0, 53.0
35, 107.0, 11.0, 59.0, 60.0
36, -13.0, 0.0, 95.0, 78.0
37, -143.0, 12.0, 55.0, 47.0
38, -185.0, 2.0, 61.0, 87.0
39, -54.0, 1.0, 71.0, 87.0
40, 146.0, 11.0, 67.0, 74.0
41, 5.0, -2.0, 67.0, 76.0
42, -112.0, 0.0, 59.0, 86.0
43, 72.0, -17.0, 62.0, 73.0
44, -191.0, 13.0, 73.0, 60.0
45, -10.0, -16.0, 66.0, 58.0
46, 119.0, 2.0, 61.0, 58.0
47, 69.0, 19.0, 70.0, 65.0
48, -84.0, 24.0, 66.0, 77.0
49, 78.0, -5.0, 62.0, 66.0
50, 73.0, 14.0, 56.0, 71.0
51, -86.0, 0.0, 64.0, 71.0
52, -70.0, 2.0, 60.0, 57.0
53, 230.0, 3.0, 66.0, 67.0
54, -4.0, 5.0, 59.0, 65.0
55, 61.0, -5.0, 53.0, 73.0
56, 6.0, 18.0, 78.0, 57.0
57, 70.0, 12.0, 75.0, 73.0
58, 66.0, 4.0, 53.0, 81.0
59, -197.0, 0.0, 66.0, 53.0
60, -87.0, 2.0, 77.0, 78.0
61, -5.0, -3.0, 76.0, 78.0
62, 25.0, 13.0, 67.0, 74.0
63, 117.0, 2.0, 72.0, 76.0
64, -54.0, 22.0, 64.0, 79.0
65, -98.0, 10.0, 67.0, 91.0
66, 138.0, 7.0, 53.0, 68.0
67, 77.0, 1.0, 96.0, 78.0
68, -53.0, 0.0, 60.0, 71.0
69, -99.0, 8.0, 81.0, 75.0
70, 12.0, 18.0, 85.0, 62.0
71, 242.0, 10.0, 41.0, 50.0
72, 68.0, -2.0, 77.0, 75.0
73, 58.0, 22.0, 69.0, 62.0
74, -147.0, 16.0, 66.0, 70.0
75, 151.0, -1.0, 51.0, 79.0
76, 219.0, 16.0, 59.0, 75.0
77, 12.0, 2.0, 64.0, 54.0
78, -148.0, 4.0, 58.0, 75.0
79, 28.0, 10.0, 64.0, 56.0
80, -15.0, 2.0, 59.0, 92.0
81, -39.0, 24.0, 61.0, 79.0
82, -133.0, -11.0, 82.0, 77.0
83, -16.0, 4.0, 58.0, 63.0
84, -225.0, 10.0, 75.0, 81.0
85, -109.0, 17.0, 63.0, 81.0
86, -45.0, -11.0, 76.0, 87.0
87, 117.0, 0.0, 94.0, 78.0
88, -51.0, -2.0, 75.0, 70.0
89, 107.0, 24.0, 81.0, 51.0
90, 32.0, 2.0, 60.0, 74.0
91, -149.0, 0.0, 61.0, 59.0
92, -5.0, -2.0, 70.0, 57.0
93, 111.0, 12.0, 61.0, 79.0
94, 158.0, 5.0, 62.0, 75.0
95, 98.0, 10.0, 71.0, 54.0
96, -166.0, 0.0, 64.0, 72.0
97, 195.0, 6.0, 61.0, 67.0
98, 102.0, -2.0, 61.0, 70.0
99, -81.0, -11.0, 78.0, 67.0
100, 95.0, 9.0, 57.0, 83.0
101, 57.0, 18.0, 97.0, 86.0
102, -26.0, 8.0, 57.0, 78.0
103, -290.0, -16.0, 49.0, 53.0
104, 64.0, 16.0, 72.0, 77.0
105, -139.0, 13.0, 59.0, 57.0
106, 171.0, 2.0, 58.0, 56.0
107, -120.0, -10.0, 55.0, 79.0
108, 54.0, 9.0, 76.0, 100.0
109, -133.0, 5.0, 55.0, 64.0
110, -87.0, 14.0, 77.0, 84.0
111, 9.0, -5.0, 55.0, 71.0
112, 62.0, 9.0, 71.0, 85.0
113, -158.0, 1.0, 66.0, 97.0
114, -10.0, 3.0, 79.0, 89.0
115, -162.0, 5.0, 54.0, 65.0
116, 123.0, -20.0, 54.0, 63.0
117, -28.0, 0.0, 84.0, 59.0
118, 35.0, 6.0, 74.0, 77.0
119, -83.0, 17.0, 62.0, 79.0
120, -45.0, -33.0, 54.0, 49.0
121, 108.0, 15.0, 71.0, 83.0
122, -42.0, 18.0, 65.0, 75.0
123, 43.0, 15.0, 74.0, 67.0
124, 49.0, -2.0, 55.0, 80.0
125, -31.0, -5.0, 59.0, 82.0
126, 32.0, 7.0, 60.0, 67.0
127, -157.0, -9.0, 57.0, 85.0
128, -139.0, 0.0, 84.0, 55.0
129, -39.0, 14.0, 81.0, 75.0
130, 178.0, 3.0, 71.0, 70.0
131, -5.0, -1.0, 69.0, 89.0
132, -33.0, 5.0, 61.0, 58.0
133, 69.0, 10.0, 74.0, 76.0
134, 90.0, 0.0, 79.0, 62.0
135, 34.0, -9.0, 64.0, 61.0
136, 92.0, 1.0, 43.0, 82.0
137, -166.0, 6.0, 70.0, 42.0
138, -208.0, 1.0, 59.0, 55.0
139, 36.0, 6.0, 68.0, 80.0
140, -92.0, 0.0, 83.0, 61.0
141, -16.0, 17.0, 70.0, 66.0
142, 145.0, 17.0, 77.0, 60.0
143, 173.0, -10.0, 53.0, 70.0
144, 201.0, -2.0, 47.0, 82.0
145, 79.0, 2.0, 81.0, 60.0
146, -206.0, 8.0, 67.0, 80.0
147, -17.0, 4.0, 71.0, 75.0
148, 12.0, 10.0, 77.0, 77.0
149, -13.0, -15.0, 58.0, 64.0
150, -209.0, -2.0, 77.0, 75.0
151, 28.0, -23.0, 76.0, 85.0
152, -1.0, -11.0, 64.0, 62.0
153, -89.0, 12.0, 66.0, 69.0
154, 54.0, -19.0, 51.0, 58.0
155, -292.0, 8.0, 62.0, 41.0
156, 7.0, 12.0, 54.0, 74.0
157, 213.0, -2.0, 50.0, 62.0
158, -53.0, -4.0, 71.0, 92.0
159, 70.0, -5.0, 42.0, 101.0
160, -89.0, 15.0, 87.0, 65.0
161, 58.0, 18.0, 74.0, 67.0
162, 232.0, 14.0, 66.0, 59.0
163, 196.0, -4.0, 67.0, 58.0
164, -18.0, 1.0, 78.0, 92.0
165, 30.0, 4.0, 66.0, 70.0
166, 97.0, 8.0, 93.0, 66.0
167, -204.0, 7.0, 65.0, 71.0
168, 90.0, -14.0, 64.0, 81.0
169, -95.0, 9.0, 59.0, 50.0
170, 30.0, 10.0, 67.0, 70.0
171, -17.0, 1.0, 54.0, 69.0
172, -46.0, 11.0, 66.0, 66.0
173, -209.0, 17.0, 51.0, 65.0
174, -103.0, -8.0, 68.0, 76.0
175, 196.0, -10.0, 60.0, 49.0
176, -73.0, 11.0, 68.0, 62.0
177, -62.0, 20.0, 74.0, 71.0
178, -83.0, 11.0, 52.0, 77.0
179, -67.0, -21.0, 58.0, 68.0
180, -71.0, 4.0, 67.0, 74.0
181, -86.0, 18.0, 31.0, 70.0
182, 150.0, 3.0, 69.0, 78.0
183, -99.0, 1.0, 58.0, 63.0
184, 0.0, 0.0, 85.0, 62.0
185, -106.0, 12.0, 95.0, 73.0
186, 11.0, -2.0, 67.0, 67.0
187, -81.0, -12.0, 81.0, 82.0
188, 74.0, 8.0, 61.0, 75.0
189, 203.0, 3.0, 64.0, 65.0
190, -25.0, 25.0, 74.0, 45.0
191, -68.0, -2.0, 76.0, 75.0
192, -1.0, 12.0, 66.0, 77.0
193, 145.0, 5.0, 62.0, 78.0
194, 117.0, -7.0, 51.0, 73.0
195, 125.0, 13.0, 85.0, 56.0
196, -55.0, 3.0, 46.0, 65.0
197, -92.0, 6.0, 70.0, 63.0
198, 112.0, -21.0, 85.0, 71.0
199, -65.0, 1.0, 73.0, 79.0
200, -21.0, 15.0, 65.0, 76.0
201, -94.0, 0.0, 62.0, 87.0
202, -154.0, 13.0, 52.0, 77.0
203, 80.0, -26.0, 75.0, 61.0
204, -81.0, 12.0, 81.0, 67.0
205, -78.0, 2.0, 62.0, 84.0
206, 37.0, -4.0, 66.0, 55.0
207, 35.0, -3.0, 54.0, 65.0
208, -85.0, 9.0, 80.0, 51.0
209, 88.0, -15.0, 53.0, 79.0
210, 147.0, -7.0, 71.0, 72.0
211, -9.0, -1.0, 71.0, 62.0
212, -51.0, -21.0, 62.0, 60.0
213, -129.0, 5.0, 60.0, 88.0
214, 133.0, 8.0, 55.0, 79.0
215, -52.0, 0.0, 73.0, 64.0
216, 64.0, -16.0, 46.0, 85.0
217, -11.0, 15.0, 68.0, 62.0
218, -103.0, 0.0, 57.0, 71.0
219, -166.0, 0.0, 62.0, 61.0
220, -33.0, 25.0, 45.0, 54.0
221, -51.0, 24.0, 63.0, 76.0
222, -8.0, 20.0, 69.0, 71.0
223, -79.0, 12.0, 80.0, 74.0
224, 238.0, -9.0, 78.0, 71.0
225, -190.0, 2.0, 76.0, 74.0
226, -85.0, 31.0, 73.0, 62.0
227, -267.0, -1.0, 86.0, 58.0
228, -47.0, -2.0, 63.0, 73.0
229, 20.0, -4.0, 75.0, 61.0
230, -72.0, 6.0, 61.0, 60.0
231, -83.0, 18.0, 93.0, 83.0
232, 63.0, 2.0, 59.0, 62.0
233, 56.0, 5.0, 65.0, 53.0
234, -157.0, -5.0, 62.0, 48.0
235, 26.0, -17.0, 43.0, 68.0
236, 95.0, 20.0, 62.0, 76.0
237, 34.0, 18.0, 80.0, 80.0
238, -161.0, 17.0, 68.0, 85.0
239, 120.0, -5.0, 57.0, 80.0
240, 24.0, -26.0, 68.0, 87.0
241, -56.0, 8.0, 67.0, 63.0
242, 226.0, 9.0, 65.0, 92.0
243, -167.0, -9.0, 65.0, 77.0
244, 142.0, 12.0, 86.0, 79.0
245, 53.0, 16.0, 48.0, 76.0
246, -190.0, 14.0, 74.0, 55.0
247, 86.0, -7.0, 65.0, 72.0
248, -296.0, -4.0, 73.0, 59.0
249, -77.0, 14.0, 66.0, 84.0
250, -151.0, 21.0, 74.0, 81.0
251, 345.0, -4.0, 73.0, 80.0
252, 104.0, 21.0, 55.0, 84.0
253, -249.0, 4.0, 78.0, 84.0
254, 68.0, 8.0, 71.0, 58.0
255, -102.0, 7.0, 73.0, 88.0
0, -70.0, 8.0, 33.0, 59.0
1, -251.0, -14.0, 65.0, 77.0
2, -90.0, -4.0, 80.0, 71.0
3, 14.0, 7.0, 96.0, 58.0
4, 121.0, 18.0, 61.0, 73.0
5, 184.0, 6.0, 74.0, 73.0
6, -104.0, 1.0, 71.0, 69.0
7, -52.0, 9.0, 59.0, 81.0
8, 106.0, 9.0, 76.0, 62.0
9, 94.0, 1.0, 81.0, 79.0
10, 210.0, 3.0, 72.0, 69.0
11, -109.0, 6.0, 48.0, 75.0
12, 22.0, -2.0, 69.0, 69.0
13, -159.0, -1.0, 68.0, 62.0
14, 159.0, 5.0, 72.0, 67.0
15, -111.0, 18.0, 55.0, 77.0
16, -186.0, 18.0, 71.0, 73.0
17, 8.0, 17.0, 80.0, 64.0
18, 221.0, -3.0, 60.0, 66.0
19, 138.0, 29.0, 73.0, 72.0
20, 100.0, -12.0, 53.0, 65.0
21, 89.0, 2.0, 73.0, 81.0
22, -199.0, 0.0, 36.0, 75.0
23, -67.0, 16.0, 74.0, 70.0
24, -170.0, 3.0, 65.0, 68.0
25, 243.0, 23.0, 58.0, 83.0
26, -28.0, 27.0, 73.0, 59.0
27, 5.0, 9.0, 60.0, 60.0
28, -56.0, -3.0, 75.0, 87.0
29, -26.0, 5.0, 85.0, 72.0
30, -69.0, 16.0, 71.0, 60.0
31, 109.0, -23.0, 90.0, 87.0
32, -92.0, 15.0, 61.0, 67.0
33, -18.0, 16.0, 66.0, 79.0
34, 71.0, -4.0, 73.0, 63.0
35, 71.0, 4.0, 60.0, 61.0
36, 66.0, 14.0, 47.0, 63.0
37, 200.0, 4.0, 66.0, 83.0
38, 84.0, -7.0, 80.0, 71.0
39, 35.0, 0.0, 97.0, 73.0
40, 51.0, 9.0, 63.0, 59.0
41, -50.0, 4.0, 72.0, 71.0
42, 81.0, 7.0, 62.0, 72.0
43, -43.0, 5.0, 76.0, 56.0
44, 10.0, 20.0, 70.0, 62.0
45, -135.0, 12.0, 75.0, 78.0
46, -82.0, 0.0, 80.0, 66.0
47, 85.0, 15.0, 46.0, 70.0
48, -48.0, 8.0, 66.0, 79.0
49, 164.0, 8.0, 62.0, 65.0
50, 79.0, 10.0, 63.0, 61.0
51, -93.0, 15.0, 70.0, 67.0
52, 15.0, -11.0, 63.0, 62.0
53, -221.0, -13.0, 86.0, 54.0
54, 56.0, 20.0, 54.0, 57.0
55, -155.0, 14.0, 75.0, 64.0
56, -223.0, 25.0, 64.0, 70.0
57, -142.0, 1.0, 69.0, 55.0
58, -70.0, -17.0, 62.0, 67.0
59, -124.0, -8.0, 60.0, 71.0
60, -63.0, 2.0, 69.0, 73.0
61, 34.0, 22.0, 73.0, 81.0
62, -111.0, 0.0, 55.0, 87.0
63, -233.0, -7.0, 79.0, 68.0
64, -6.0, 19.0, 78.0, 91.0
65, 141.0, 0.0, 63.0, 78.0
66, -193.0, 7.0, 57.0, 66.0
67, -131.0, 7.0, 57.0, 71.0
68, 1.0, 19.0, 57.0, 59.0
69, 83.0, -3.0, 64.0, 82.0
70, -14.0, 18.0, 66.0, 74.0
71, -164.0, -7.0, 74.0, 65.0
72, 49.0, 7.0, 67.0, 69.0
73, 16.0, -5.0, 46.0, 78.0
74, 102.0, 8.0, 58.0, 82.0
75, -303.0, -10.0, 58.0, 53.0
76, -26.0, 2.0, 66.0, 71.0
77, -42.0, 0.0, 78.0, 88.0
78, -65.0, 5.0, 36.0, 75.0
79, -20.0, 1.0, 51.0, 89.0
80, -42.0, 0.0, 51.0, 62.0
81, -178.0, 14.0, 80.0, 63.0
82, 169.0, 20.0, 84.0, 67.0
83, -156.0, 26.0, 78.0, 63.0
84, -172.0, 32.0, 85.0, 68.0
85, -2.0, 3.0, 77.0, 78.0
86, 268.0, -1.0, 86.0, 65.0
87, 109.0, -2.0, 56.0, 58.0
88, -10.0, -3.0, 48.0, 47.0
89, -81.0, 1.0, 51.0, 84.0
90, -36.0, 7.0, 90.0, 89.0
91, 111.0, -7.0, 76.0, 58.0
92, -70.0, 0.0, 64.0, 75.0
93, 75.0, -9.0, 70.0, 70.0
94, -12.0, 13.0, 72.0, 44.0
95, 63.0, -1.0, 68.0, 88.0
96, -70.0, 5.0, 80.0, 91.0
97, 57.0, 1.0, 61.0, 54.0
98, 119.0, 7.0, 71.0, 80.0
99, 138.0, 0.0, 74.0, 58.0
100, 178.0, -10.0, 71.0, 61.0
101, -64.0, -17.0, 58.0, 65.0
102, -33.0, 6.0, 63.0, 78.0
103, 39.0, 21.0, 69.0, 66.0
104, -107.0, 1.0, 88.0, 82.0
105, 229.0, 14.0, 70.0, 67.0
106, 82.0, -18.0, 47.0, 63.0
107, 74.0, -6.0, 51.0, 80.0
108, 76.0, 0.0, 64.0, 54.0
109, 31.0, 4.0, 52.0, 68.0
110, -11.0, 2.0, 92.0, 72.0
111, 0.0, 10.0, 67.0, 84.0
112, -154.0, 0.0, 56.0, 67.0
113, 22.0, 6.0, 80.0, 83.0
114, 66.0, 20.0, 71.0, 59.0
115, 58.0, 3.0, 77.0, 69.0
116, -10.0, -3.0, 83.0, 71.0
117, -21.0, 17.0, 78.0, 92.0
118, -445.0, -10.0, 63.0, 63.0
119, 167.0, -16.0, 62.0, 76.0
120, 40.0, -5.0, 59.0, 72.0
121, -10.0, 14.0, 72.0, 59.0
122, 146.0, 17.0, 79.0, 91.0
123, -89.0, 5.0, 71.0, 63.0
124, 31.0, 11.0, 76.0, 71.0
125, 83.0, -1.0, 64.0, 70.0
126, 119.0, 8.0, 63.0, 81.0
127, -20.0, 14.0, 84.0, 67.0
128, 40.0, 11.0, 69.0, 78.0
129, 21.0, 3.0, 68.0, 60.0
130, -30.0, 0.0, 75.0, 87.0
131, 1.0, 9.0, 69.0, 63.0
132, -49.0, 7.0, 79.0, 55.0
133, -49.0, 10.0, 51.0, 75.0
134, -84.0, 7.0, 64.0, 63.0
135, 2.0, 3.0, 63.0, 59.0
136, -31.0, 1.0, 81.0, 54.0
137, -84.0, 4.0, 72.0, 69.0
138, 2.0, -8.0, 63.0, 67.0
139, -55.0, 0.0, 76.0, 65.0
140, 134.0, -19.0, 68.0, 94.0
141, -42.0, -9.0, 60.0, 64.0
142, -67.0, -5.0, 70.0, 58.0
143, -228.0, 5.0, 85.0, 87.0
144, 23.0, -2.0, 72.0, 83.0
145, -28.0, 13.0, 73.0, 65.0
146, -111.0, -10.0, 74.0, 62.0
147, 3.0, 4.0, 68.0, 90.0
148, 150.0, 7.0, 60.0, 84.0
149, 191.0, -5.0, 44.0, 67.0
150, -85.0, 9.0, 86.0, 63.0
151, -39.0, 9.0, 84.0, 62.0
152, 3.0, 11.0, 61.0, 84.0
153, 41.0, 17.0, 66.0, 63.0
154, -43.0, -19.0, 63.0, 64.0
155, -61.0, -1.0, 78.0, 64.0
156, -103.0, 17.0, 72.0, 67.0
157, -44.0, 0.0, 72.0, 83.0
158, -75.0, -8.0, 58.0, 62.0
159, 301.0, 19.0, 79.0, 100.0
160, -29.0, -2.0, 82.0, 83.0
161, -112.0, 17.0, 87.0, 79.0
162, -84.0, 12.0, 80.0, 57.0
163, -28.0, 3.0, 71.0, 64.0
164, -29.0, 22.0, 70.0, 72.0
165, 82.0, 21.0, 52.0, 71.0
166, 55.0, -7.0, 73.0, 87.0
167, -71.0, 10.0, 53.0, 76.0
168, -59.0, 5.0, 58.0, 73.0
169, -121.0, -7.0, 76.0, 61.0
170, -60.0, -14.0, 55.0, 73.0
171, 68.0, 10.0, 53.0, 54.0
172, -204.0, -7.0, 63.0, 75.0
173, 237.0, 4.0, 83.0, 50.0
174, -13.0, 13.0, 71.0, 49.0
175, -163.0, 2.0, 63.0, 51.0
176, 196.0, 17.0, 64.0, 75.0
177, 6.0, 2.0, 59.0, 75.0
178, 19.0, 17.0, 62.0, 78.0
179, -1.0, 22.0, 50.0, 57.0
180, -20.0, 4.0, 61.0, 79.0
181, -26.0, -3.0, 66.0, 67.0
182, 85.0, 24.0, 58.0, 62.0
183, -199.0, 0.0, 59.0, 58.0
184, -34.0, -4.0, 71.0, 73.0
185, 86.0, 1.0, 65.0, 70.0
186, -58.0, -4.0, 71.0, 79.0
187, 59.0, 16.0, 50.0, 53.0
188, -159.0, -1.0, 58.0, 76.0
189, 82.0, -12.0, 45.0, 93.0
190, 36.0, 17.0, 82.0, 62.0
191, -47.0, -20.0, 80.0, 57.0
192, 63.0, -5.0, 72.0, 91.0
193, 53.0, -12.0, 67.0, 87.0
194, -50.0, 11.0, 64.0, 67.0
195, 221.0, -2.0, 52.0, 70.0
196, 26.0, 1.0, 56.0, 81.0
197, 6.0, -13.0, 68.0, 67.0
198, 74.0, -16.0, 66.0, 60.0
199, 45.0, 0.0, 62.0, 77.0
200, 152.0, -4.0, 60.0, 59.0
201, 42.0, 5.0, 71.0, 65.0
202, 203.0, 23.0, 53.0, 73.0
203, -78.0, 17.0, 81.0, 84.0
204, 50.0, -3.0, 73.0, 63.0
205, 152.0, -23.0, 85.0, 98.0
206, -47.0, 24.0, 75.0, 73.0
207, 176.0, 24.0, 62.0, 64.0
208, -14.0, 0.0, 69.0, 69.0
209, -179.0, 14.0, 50.0, 66.0
210, 44.0, 19.0, 62.0, 60.0
211, 150.0, -8.0, 76.0, 72.0
212, 65.0, -14.0, 79.0, 64.0
213, 198.0, 12.0, 76.0, 71.0
214, -11.0, 10.0, 78.0, 64.0
215, -74.0, 14.0, 59.0, 79.0
216, -133.0, 10.0, 58.0, 80.0
217, 127.0, 4.0, 72.0, 84.0
218, 73.0, 2.0, 67.0, 76.0
219, 21.0, -1.0, 53.0, 78.0
220, -23.0, 15.0, 74.0, 54.0
221, 34.0, 8.0, 45.0, 53.0
222, 91.0, 15.0, 78.0, 88.0
223, 40.0, -10.0, 75.0, 63.0
224, 62.0, -9.0, 94.0, 69.0
225, 15.0, 2.0, 71.0, 73.0
226, -54.0, 2.0, 79.0, 60.0
227, 49.0, 15.0, 57.0, 81.0
228, -131.0, 4.0, 51.0, 76.0
229, 183.0, 18.0, 74.0, 67.0
230, -40.0, -8.0, 74.0, 73.0
231, -88.0, 3.0, 61.0, 69.0
